3 µΩ 6 √Î÷” 7 0.0311111 0.0311111 0.0000000 0.0311111
6 µΩ 9 √Î÷” 19 0.0844444 0.1155556 0.0311111 0.1155556
9 µΩ 12 √Î÷” 18 0.0800000 0.1955556 0.1155556 0.1955556
12 µΩ 15 √Î÷” 20 0.0888889 0.2844444 0.1955556 0.2844444
15 µΩ 18 √Î÷” 9 0.0400000 0.3244444 0.2844444 0.3244444
18 µΩ 21 √Î÷” 10 0.0444444 0.3688889 0.3244444 0.3688889
21 µΩ 24 √Î÷” 16 0.0711111 0.4400000 0.3688889 0.4400000
24 µΩ 27 √Î÷” 10 0.0444444 0.4844444 0.4400000 0.4844444
27 µΩ 30 √Î÷” 11 0.0488889 0.5333333 0.4844444 0.5333333
30 µΩ 33 √Î÷” 9 0.0400000 0.5733333 0.5333333 0.5733333
33 µΩ 36 √Î÷” 10 0.0444444 0.6177778 0.5733333 0.6177778
36 µΩ 39 √Î÷” 9 0.0400000 0.6577778 0.6177778 0.6577778
39 µΩ 42 √Î÷” 5 0.0222222 0.6800000 0.6577778 0.6800000
42 µΩ 45 √Î÷” 11 0.0488889 0.7288889 0.6800000 0.7288889
45 µΩ 48 √Î÷” 7 0.0311111 0.7600000 0.7288889 0.7600000
48 µΩ 51 √Î÷” 10 0.0444444 0.8044444 0.7600000 0.8044444
51 µΩ 54 √Î÷” 0 0.0000000 0.8044444 0.8044444 0.8044444
54 µΩ 57 √Î÷” 7 0.0311111 0.8355556 0.8044444 0.8355556
57 µΩ 60 √Î÷” 4 0.0177778 0.8533333 0.8355556 0.8533333
60 µΩ 63 √Î÷” 7 0.0311111 0.8844444 0.8533333 0.8844444
63 µΩ 66 √Î÷” 2 0.0088889 0.8933333 0.8844444 0.8933333
66 µΩ 69 √Î÷” 3 0.0133333 0.9066667 0.8933333 0.9066667
69 µΩ 72 √Î÷” 8 0.0355556 0.9422222 0.9066667 0.9422222
72 µΩ 75 √Î÷” 3 0.0133333 0.9555556 0.9422222 0.9555556
75 µΩ 78 √Î÷” 3 0.0133333 0.9688889 0.9555556 0.9688889
78 µΩ 81 √Î÷” 2 0.0088889 0.9777778 0.9688889 0.9777778
81 µΩ 84 √Î÷” 1 0.0044444 0.9822222 0.9777778 0.9822222
84 µΩ 87 √Î÷” 2 0.0088889 0.9911111 0.9822222 0.9911111
87 µΩ 90 √Î÷” 1 0.0044444 0.9955556 0.9911111 0.9955556
90 µΩ 93 √Î÷” 0 0.0000000 0.9955556 0.9955556 0.9955556
93 µΩ 96 √Î÷” 0 0.0000000 0.9955556 0.9955556 0.9955556
96 µΩ 99 √Î÷” 1 0.0044444 1.0000000 0.9955556 1.0000000
